losangeleskings,3e3twa
losangeleskings,3e4pv8
losangeleskings,3e48yd
losangeleskings,3e2mr1
losangeleskings,3e1j09
losangeleskings,3e0k1k
losangeleskings,3e1c3q
losangeleskings,3dy69n
losangeleskings,3dun6k
losangeleskings,3dx21j
losangeleskings,3dwkl2
losangeleskings,3dtyqe
losangeleskings,3dunvf
losangeleskings,3dsmdi
losangeleskings,3drzjj
losangeleskings,3dprnv
losangeleskings,3dpplq
losangeleskings,3dodar
losangeleskings,3dnald
losangeleskings,3dn4xq
losangeleskings,3dlg1x
losangeleskings,3di1v9
losangeleskings,3dj3ya
losangeleskings,3dibaz
losangeleskings,3djgqu
losangeleskings,3djaj4
losangeleskings,3dim1g
losangeleskings,3di782
losangeleskings,3dgyro
losangeleskings,3dfvou
losangeleskings,3dfgxb
losangeleskings,3de709
losangeleskings,3dfu45
losangeleskings,3dec8i
losangeleskings,3dct3o
losangeleskings,3dcudn
losangeleskings,3dav3c
losangeleskings,3dahxl
losangeleskings,3d9m7c
losangeleskings,3d7p4w
losangeleskings,3d84fb
losangeleskings,3d7iu9
losangeleskings,3d6xop
losangeleskings,3d5njq
losangeleskings,3d5her
losangeleskings,3d4ilt
losangeleskings,3d54o1
losangeleskings,3d231h
losangeleskings,3d20zj
losangeleskings,3d0e27
losangeleskings,3cyhe1
losangeleskings,3cy04h
losangeleskings,3cytwt
losangeleskings,3cy64f
losangeleskings,3cwqn6
losangeleskings,3cu33h
losangeleskings,3csl7u
losangeleskings,3crcl4
losangeleskings,3cr3mt
losangeleskings,3cqg01
losangeleskings,3cq3hc
losangeleskings,3compw
losangeleskings,3co6b6
losangeleskings,3cmonl
losangeleskings,3cm1ks
losangeleskings,3cmd8r
losangeleskings,3cjmml
losangeleskings,3cgqqk
losangeleskings,3cfr57
losangeleskings,3ccf85
losangeleskings,3cbcea
losangeleskings,3c9ubq
losangeleskings,3ccpoz
losangeleskings,3c8zkk
losangeleskings,3ca3lv
losangeleskings,3c818b
losangeleskings,3c6h4w
losangeleskings,3c5uad
losangeleskings,3c53wv
losangeleskings,3c2hig
losangeleskings,3c1ybn
losangeleskings,3c2o9m
losangeleskings,3c15iy
losangeleskings,3c1cwe
losangeleskings,3bzy1d
losangeleskings,3c0q5n
losangeleskings,3c0wor
losangeleskings,3c0j53
losangeleskings,3c08id
losangeleskings,3c3xoa
losangeleskings,3c0e78
losangeleskings,3bydi4
losangeleskings,3bygkc
losangeleskings,3by6ek
losangeleskings,3by67i
losangeleskings,3bw2a0
losangeleskings,3bwbzs
losangeleskings,3bwxtu
losangeleskings,3bx2o4
losangeleskings,3bx9kj
losangeleskings,3bwlln
losangeleskings,3btvhf
losangeleskings,3bveo7
losangeleskings,3bvkil
losangeleskings,3bvhkz
losangeleskings,3bu074
losangeleskings,3bt15e
losangeleskings,3btsfi
losangeleskings,3bruzf
losangeleskings,3bsuey
losangeleskings,3btu30
losangeleskings,3bt5ng
losangeleskings,3bt6q5
losangeleskings,3brpy9
losangeleskings,3bt04e
losangeleskings,3brn57
losangeleskings,3brvfn
losangeleskings,3brk3j
losangeleskings,3bsec2
losangeleskings,3boo7u
losangeleskings,3bpf5u
losangeleskings,3bpme5
losangeleskings,3brw7l
losangeleskings,3brfzn
losangeleskings,3bpaem
losangeleskings,3boudr
losangeleskings,3bpahf
losangeleskings,3bpir3
losangeleskings,3bndv1
losangeleskings,3bobrk
losangeleskings,3bogis
losangeleskings,3bpyls
losangeleskings,3bonrg
losangeleskings,3bq56z
losangeleskings,3boxjb
losangeleskings,3bn2qf
losangeleskings,3bnypx
losangeleskings,3bo179
losangeleskings,3bnf9j
losangeleskings,3bn7d9
losangeleskings,3blrbw
losangeleskings,3bjnnp
losangeleskings,3bjdv3
losangeleskings,3bk9li
losangeleskings,3bk3u1
losangeleskings,3bl9vv
losangeleskings,3bkaxg
losangeleskings,3bkmye
losangeleskings,3bjsnt
losangeleskings,3blbe9
losangeleskings,3blc5x
losangeleskings,3bkdid
losangeleskings,3bhfz5
losangeleskings,3bi8dj
losangeleskings,3bjeq8
losangeleskings,3bitr5
losangeleskings,3bgj58
losangeleskings,3bgi1w
losangeleskings,3bgeml
losangeleskings,3beups
losangeleskings,3bgdie
losangeleskings,3bewyx
losangeleskings,3bd8n2
losangeleskings,3bdkc9
losangeleskings,3bbutb
losangeleskings,3bbjhp
losangeleskings,3bbkik
losangeleskings,3bbrss
losangeleskings,3bc84v
losangeleskings,3ba21v
losangeleskings,3bbdzz
losangeleskings,3bb2e1
losangeleskings,3bba0o
losangeleskings,3bbbw1
losangeleskings,3bazi3
losangeleskings,3bb6uj
losangeleskings,3bba64
losangeleskings,3b8ixb
losangeleskings,3b9lzx
losangeleskings,3b9r8v
losangeleskings,3b9x6j
losangeleskings,3b9un7
losangeleskings,3b95fp
losangeleskings,3b9tzk
losangeleskings,3b7a79
losangeleskings,3b8r37
losangeleskings,3b8mxj
losangeleskings,3b9dwb
losangeleskings,3b9c2o
losangeleskings,3bakk4
losangeleskings,3b8hm5
losangeleskings,3b9ik0
losangeleskings,3b8yvh
losangeleskings,3b993n
losangeleskings,3b9fpf
losangeleskings,3b8m64
losangeleskings,3b8qfh
losangeleskings,3b8yfd
losangeleskings,3b8qmb
losangeleskings,3b7zed
losangeleskings,3b90ib
losangeleskings,3b8q01
losangeleskings,3b8moi
losangeleskings,3b6qx1
losangeleskings,3b342j
losangeleskings,3b8p8m
losangeleskings,3b3bxa
losangeleskings,3b32zy
losangeleskings,3b32g3
losangeleskings,3b2xk6
losangeleskings,3b3nek
losangeleskings,3b0x0m
losangeleskings,3b0e0t
losangeleskings,3b090w
losangeleskings,3azve3
losangeleskings,3ayfh9
losangeleskings,3avsd1
losangeleskings,3aucq5
losangeleskings,3auffb
losangeleskings,3awtzg
losangeleskings,3az843
losangeleskings,3auyl3
losangeleskings,3atu2u
losangeleskings,3avmcm
losangeleskings,3at55b
losangeleskings,3aqtxa
losangeleskings,3arl3a
losangeleskings,3aq461
losangeleskings,3ak8ss
losangeleskings,3ag6jc
losangeleskings,3aet5s
losangeleskings,3af2y6
losangeleskings,3adtjt
losangeleskings,3abzdr
losangeleskings,3acr1k
losangeleskings,3ab4ay
losangeleskings,3a8nk2
losangeleskings,3a72u3
losangeleskings,3a7fmb
losangeleskings,3a4cit
losangeleskings,3a3vt2
losangeleskings,3a1zzf
losangeleskings,3a2t9i
losangeleskings,3a283t
losangeleskings,3a2uib
losangeleskings,39zstc
losangeleskings,3a1ts5
losangeleskings,39zwvg
losangeleskings,39zt38
losangeleskings,39zzeb
losangeleskings,39zvh8
losangeleskings,39y1a9
losangeleskings,39y16s
losangeleskings,39ztzg
losangeleskings,39w4x8
losangeleskings,39v9aa
losangeleskings,39v60x
losangeleskings,39tjao
losangeleskings,39riud
losangeleskings,39s8ec
losangeleskings,39qh6f
losangeleskings,39qjsj
losangeleskings,39q4us
losangeleskings,39nrc0
losangeleskings,39l2qn
losangeleskings,39i9ct
losangeleskings,39gx7p
losangeleskings,39d838
losangeleskings,39dth8
losangeleskings,39b8no
losangeleskings,399dwn
losangeleskings,398euj
losangeleskings,3970hi
losangeleskings,39695a
losangeleskings,39719f
losangeleskings,396g1d
losangeleskings,392p32
losangeleskings,393gbw
losangeleskings,391uii
losangeleskings,38ytki
losangeleskings,38uoy4
losangeleskings,38ue66
losangeleskings,38uj5p
losangeleskings,38tb8q
losangeleskings,38ti04
losangeleskings,38qwfh
losangeleskings,38rzcs
losangeleskings,38pr1u
losangeleskings,38o7zo
losangeleskings,38quii
losangeleskings,38lm3v
losangeleskings,38jaad
losangeleskings,38jbke
losangeleskings,38f04u
losangeleskings,38e57k
losangeleskings,38dsx9
losangeleskings,38f4ep
losangeleskings,38a6vl
losangeleskings,38bihm
losangeleskings,38aybl
losangeleskings,38apby
losangeleskings,388jti
losangeleskings,388qd7
losangeleskings,388bmf
losangeleskings,3831gn
losangeleskings,384w9h
losangeleskings,380oc9
losangeleskings,381740
losangeleskings,37yu1k
losangeleskings,3809w5
losangeleskings,37x28q
losangeleskings,37xqxw
losangeleskings,37x9ad
losangeleskings,37x378
losangeleskings,37x750
losangeleskings,37x1wi
losangeleskings,37x5ws
losangeleskings,37xa7k
losangeleskings,37sz3x
losangeleskings,37t0es
losangeleskings,37t3lr
losangeleskings,37ror9
losangeleskings,37rylm
losangeleskings,37se6e
losangeleskings,37t0xy
losangeleskings,37oepq
losangeleskings,37jlkm
losangeleskings,37iupw
losangeleskings,37ez0v
losangeleskings,37ej1f
losangeleskings,37ii0g
losangeleskings,37cg8v
losangeleskings,37ace6
losangeleskings,379ic7
losangeleskings,375ues
losangeleskings,376ve9
losangeleskings,374r6v
losangeleskings,374jlf
losangeleskings,375x1m
losangeleskings,3724us
losangeleskings,3723jo
losangeleskings,37253y
losangeleskings,36ycht
losangeleskings,36wsz4
losangeleskings,36uc8b
losangeleskings,36tcw2
losangeleskings,36q9gv
losangeleskings,36ouj3
losangeleskings,36kwzp
losangeleskings,36l1qz
losangeleskings,36jp7e
losangeleskings,36kv8g
losangeleskings,36kt2i
losangeleskings,36g5u3
losangeleskings,36ger6
losangeleskings,36f19q
losangeleskings,36bwlh
losangeleskings,36arlh
losangeleskings,36ay1n
losangeleskings,368r6w
losangeleskings,366x0c
losangeleskings,367qyq
losangeleskings,365e4q
losangeleskings,361id2
losangeleskings,35zeud
losangeleskings,35z27i
losangeleskings,35wmj5
losangeleskings,361bpr
losangeleskings,35s4ek
losangeleskings,35w0ll
losangeleskings,35ri5h
losangeleskings,35o882
losangeleskings,35nx13
losangeleskings,35mn4f
losangeleskings,35klza
losangeleskings,35gnrw
losangeleskings,35evu1
losangeleskings,35d5yi
losangeleskings,35bv0z
losangeleskings,35baod
losangeleskings,358sxt
losangeleskings,357vfh
losangeleskings,356xi0
losangeleskings,354a9g
losangeleskings,354had
losangeleskings,354v0o
losangeleskings,355382
losangeleskings,3558i5
losangeleskings,3556qv
losangeleskings,353h1n
losangeleskings,34zpnw
losangeleskings,34zj17
losangeleskings,34zhxl
losangeleskings,34wsql
losangeleskings,34v8ap
losangeleskings,34toj5
losangeleskings,34smhf
losangeleskings,34vsqk
losangeleskings,34s223
losangeleskings,34sjjt
losangeleskings,34rnz0
losangeleskings,34odyr
losangeleskings,34olxq
losangeleskings,34oh39
losangeleskings,34o3hy
losangeleskings,34l4kp
losangeleskings,34klyx
losangeleskings,34k4jl
losangeleskings,34ko48
losangeleskings,34h7t6
losangeleskings,34gh9m
losangeleskings,34fu09
losangeleskings,34c4bc
losangeleskings,34bfyg
losangeleskings,348vqc
losangeleskings,3481b5
losangeleskings,3485rx
losangeleskings,344bgq
losangeleskings,3435yk
losangeleskings,3402x6
losangeleskings,33w7f3
losangeleskings,33unps
losangeleskings,33v78w
losangeleskings,33v4on
losangeleskings,33v28z
losangeleskings,33told
losangeleskings,33ohxj
losangeleskings,33q4f9
losangeleskings,33maqy
losangeleskings,33n3aw
losangeleskings,33oo6y
losangeleskings,33j3nb
losangeleskings,33imas
losangeleskings,33i7l5
losangeleskings,33iiez
losangeleskings,33hzh4
losangeleskings,33e8ew
losangeleskings,33etuh
losangeleskings,33hwgf
losangeleskings,33d6tm
losangeleskings,33cvyl
losangeleskings,33dx8h
losangeleskings,33c2s9
losangeleskings,33anf1
losangeleskings,33bpkh
losangeleskings,3399eu
losangeleskings,33a25g
losangeleskings,339kzu
losangeleskings,336am4
losangeleskings,3372c5
losangeleskings,3361n7
losangeleskings,3365w3
losangeleskings,335955
losangeleskings,332w2d
losangeleskings,332s0c
losangeleskings,33397t
losangeleskings,333hy4
losangeleskings,333cxk
losangeleskings,32zvei
losangeleskings,3302qn
losangeleskings,32ypd4
losangeleskings,32z71u
losangeleskings,32zl3i
losangeleskings,32zl9f
losangeleskings,32yta6
losangeleskings,32twuy
losangeleskings,32vu3n
losangeleskings,32vkj6
losangeleskings,32vj9p
losangeleskings,32undm
losangeleskings,32tbom
losangeleskings,32uwne
losangeleskings,32vh6w
losangeleskings,32pv56
losangeleskings,32qto8
losangeleskings,32q854
losangeleskings,32q9hy
losangeleskings,32nfwf
losangeleskings,32ozhu
losangeleskings,32rlg1
losangeleskings,32mght
losangeleskings,32mp7n
losangeleskings,32r3x7
losangeleskings,32lk5e
losangeleskings,32kom8
losangeleskings,32mqu9
losangeleskings,32khg5
losangeleskings,32m11v
losangeleskings,32lw6o
losangeleskings,32m15n
losangeleskings,32m7rw
losangeleskings,32j69a
losangeleskings,32ktek
losangeleskings,32gpqg
losangeleskings,32jb9l
losangeleskings,32h065
losangeleskings,32iz65
losangeleskings,32hozm
losangeleskings,32gprq
losangeleskings,32h63r
losangeleskings,32hnzz
losangeleskings,32ihtb
losangeleskings,32g03l
losangeleskings,32hb8t
losangeleskings,32ean0
losangeleskings,32eava
losangeleskings,32h3lb
losangeleskings,32fhmh
losangeleskings,32ec0r
losangeleskings,32d34w
losangeleskings,32d6wf
losangeleskings,32dt1t
losangeleskings,32dmku
losangeleskings,32f5sj
losangeleskings,32f0rc
losangeleskings,32ajyv
losangeleskings,32bgan
losangeleskings,32cg5g
losangeleskings,32amn9
losangeleskings,32bm9e
losangeleskings,32attl
losangeleskings,32cb6q
losangeleskings,329rml
losangeleskings,329grf
losangeleskings,329fvc
losangeleskings,32au80
losangeleskings,329jae
losangeleskings,32ajlo
losangeleskings,329z5x
losangeleskings,329syi
losangeleskings,32aipz
losangeleskings,32aigv
losangeleskings,329pz2
losangeleskings,329ryi
losangeleskings,32anzh
losangeleskings,329wm9
losangeleskings,32cjez
losangeleskings,328qm7
losangeleskings,329san
losangeleskings,329aaz
losangeleskings,329ufc
losangeleskings,32a3gw
losangeleskings,329vgd
losangeleskings,329uxo
losangeleskings,329aiv
losangeleskings,329dho
losangeleskings,327j4y
losangeleskings,326vca
losangeleskings,327kyr
losangeleskings,329fey
losangeleskings,329937
losangeleskings,3297lk
losangeleskings,324pnh
losangeleskings,326n97
losangeleskings,325ujq
losangeleskings,328gzg
losangeleskings,325n4p
losangeleskings,32874y
losangeleskings,3279ke
losangeleskings,324kq0
losangeleskings,325ehg
losangeleskings,3245e0
losangeleskings,325v0i
losangeleskings,327ln0
losangeleskings,326pk2
losangeleskings,3238vb
losangeleskings,3256s1
losangeleskings,328o20
losangeleskings,324lwj
losangeleskings,3230r4
losangeleskings,325l72
losangeleskings,3256us
losangeleskings,3236ej
losangeleskings,325oi1
losangeleskings,323a6e
losangeleskings,322xdv
losangeleskings,3238zi
losangeleskings,322yia
losangeleskings,326jo5
losangeleskings,324xf7
losangeleskings,3241gk
losangeleskings,322y4j
losangeleskings,32224a
losangeleskings,325qk9
losangeleskings,323fmf
losangeleskings,322xt7
losangeleskings,321d5m
losangeleskings,325g9e
losangeleskings,325g1c
losangeleskings,323fhz
losangeleskings,323maz
losangeleskings,323ia2
losangeleskings,323lm6
losangeleskings,3236wz
losangeleskings,323kpg
losangeleskings,322k5h
losangeleskings,322zbz
losangeleskings,321760
losangeleskings,32317h
losangeleskings,322871
losangeleskings,32303n
losangeleskings,322xyy
losangeleskings,320w4f
losangeleskings,320boo
losangeleskings,3249bc
losangeleskings,3234wy
losangeleskings,321yge
losangeleskings,3238kz
losangeleskings,3211cz
losangeleskings,3233en
losangeleskings,322a0o
losangeleskings,323062
losangeleskings,322ygb
losangeleskings,322xpq
losangeleskings,3224wa
losangeleskings,3216if
losangeleskings,322rw4
losangeleskings,322d9w
losangeleskings,32315o
losangeleskings,320he0
losangeleskings,3226az
losangeleskings,320lgw
losangeleskings,322qya
losangeleskings,321po2
losangeleskings,322q3v
losangeleskings,322m3q
losangeleskings,322en5
losangeleskings,3232f7
losangeleskings,3218zk
losangeleskings,3230su
losangeleskings,322zb4
losangeleskings,320wmg
losangeleskings,322z0x
losangeleskings,322yel
losangeleskings,322xnt
losangeleskings,322wbj
losangeleskings,321xu3
losangeleskings,3206js
losangeleskings,320n9t
losangeleskings,320b0h
losangeleskings,32229g
losangeleskings,321y4i
losangeleskings,31xxrw
losangeleskings,322xbq
losangeleskings,31z0al
losangeleskings,31ypt2
losangeleskings,31wdb4
losangeleskings,31vzbq
losangeleskings,31wovw
losangeleskings,31wcow
losangeleskings,31w0o8
losangeleskings,31wfsu
losangeleskings,31vrnv
losangeleskings,31v98l
losangeleskings,31w93i
losangeleskings,31u4nk
losangeleskings,31wtdc
losangeleskings,31u2y9
losangeleskings,31u5di
losangeleskings,31u34i
losangeleskings,31xh8i
losangeleskings,31vzv8
losangeleskings,31tizs
losangeleskings,31s1s2
losangeleskings,31tbhu
losangeleskings,31u377
losangeleskings,31v8ch
losangeleskings,31u63j
losangeleskings,31tgcz
losangeleskings,31u486
losangeleskings,31ukxc
losangeleskings,31rgwx
losangeleskings,31u4g0
losangeleskings,31szf4
losangeleskings,31sy34
losangeleskings,31prbk
losangeleskings,31skeb
losangeleskings,31sj9c
losangeleskings,31ptao
losangeleskings,31p8l0
losangeleskings,31pr7x
losangeleskings,31u30t
losangeleskings,31p2r8
losangeleskings,31p9wf
losangeleskings,31suol
losangeleskings,31nt52
losangeleskings,31p9bx
losangeleskings,31pt6d
losangeleskings,31q70y
losangeleskings,31qfh6
losangeleskings,31ncvt
losangeleskings,31o0un
losangeleskings,31npp4
losangeleskings,31oopp
losangeleskings,31lkln
losangeleskings,31omsj
losangeleskings,31n5qu
losangeleskings,31jtif
losangeleskings,31k8xb
losangeleskings,31luqe
losangeleskings,31hwt0
losangeleskings,31k5bw
losangeleskings,31hqyz
losangeleskings,31luur
losangeleskings,31hdm6
losangeleskings,31hyw6
losangeleskings,31hopd
losangeleskings,31hv5m
losangeleskings,31haw9
losangeleskings,31hsdk
losangeleskings,31htu7
losangeleskings,31hf97
losangeleskings,31h6eq
losangeleskings,31gj58
losangeleskings,31gjfg
losangeleskings,31gezs
losangeleskings,31hvq4
losangeleskings,31gjvo
losangeleskings,31fkzg
losangeleskings,31ffm9
losangeleskings,31eyha
losangeleskings,31ckeb
losangeleskings,31ciqd
losangeleskings,31b3er
losangeleskings,31e2mv
losangeleskings,31c9dy
losangeleskings,31ctui
losangeleskings,31d83x
losangeleskings,31bknw
losangeleskings,31a1a0
losangeleskings,31egbn
losangeleskings,31a3tg
losangeleskings,31b372
losangeleskings,319qtm
losangeleskings,31a02s
losangeleskings,31a1zg
losangeleskings,31a3xx
losangeleskings,317lfj
losangeleskings,319q5h
losangeleskings,319n34
losangeleskings,319ceo
losangeleskings,319iyx
losangeleskings,319nks
losangeleskings,31872j
losangeleskings,319s8s
losangeleskings,319ppa
losangeleskings,317lbl
losangeleskings,31872f
losangeleskings,317ltp
losangeleskings,317tob
losangeleskings,314e4h
losangeleskings,31473o
losangeleskings,3163wr
losangeleskings,314wl2
losangeleskings,316wnv
losangeleskings,315m91
losangeleskings,315rih
losangeleskings,3148p9
losangeleskings,314yxj
losangeleskings,3125lp
losangeleskings,312rtn
losangeleskings,31479g
losangeleskings,314adc
losangeleskings,312w0g
losangeleskings,312rdf
losangeleskings,3108op
losangeleskings,30zfp3
losangeleskings,31030l
losangeleskings,30yq76
losangeleskings,3105h4
losangeleskings,30xrqe
losangeleskings,30vzpy
losangeleskings,30u0xb
losangeleskings,30vj5q
losangeleskings,30yg1v
losangeleskings,30vvuf
losangeleskings,30vaas
losangeleskings,30whms
losangeleskings,30uvaa
losangeleskings,30udwh
losangeleskings,30uhs1
losangeleskings,30umow
losangeleskings,30vaqr
losangeleskings,30v9zs
losangeleskings,30uti1
losangeleskings,30ux8k
losangeleskings,30u46z
losangeleskings,30rh6w
losangeleskings,30q32r
losangeleskings,30qcal
losangeleskings,30rd1w
losangeleskings,30q2i3
losangeleskings,30qwzx
losangeleskings,30nyjq
losangeleskings,30om2j
losangeleskings,30nyx4
losangeleskings,30n9gl
losangeleskings,30nwz9
losangeleskings,30mqo3
losangeleskings,30nhxw
losangeleskings,30o229
losangeleskings,30nwrr
losangeleskings,30n52e
losangeleskings,30kehs
losangeleskings,30lse2
losangeleskings,30k9tr
losangeleskings,30k8ix
losangeleskings,30krky
losangeleskings,30jmkh
losangeleskings,30kbsl
losangeleskings,30jfhu
losangeleskings,30hn7e
losangeleskings,30ig2e
losangeleskings,30iw0d
losangeleskings,30k09a
losangeleskings,30hkvj
losangeleskings,30i5rv
losangeleskings,30hpod
losangeleskings,30gmav
losangeleskings,30gp8k
losangeleskings,30guyj
losangeleskings,30gvoi
losangeleskings,30gcim
losangeleskings,30fzng
losangeleskings,30g2x3
losangeleskings,30gmsu
losangeleskings,30gzit
losangeleskings,30g4f8
losangeleskings,30fabf
losangeleskings,30dqji
losangeleskings,30fnx7
losangeleskings,30ff9m
losangeleskings,30ebdn
losangeleskings,30djw5
losangeleskings,30ey6u
losangeleskings,30ceor
losangeleskings,30e2xy
losangeleskings,30esw7
losangeleskings,30cgoe
losangeleskings,30f4ee
losangeleskings,30cba5
losangeleskings,30df4q
losangeleskings,30ag97
losangeleskings,30areu
losangeleskings,30fnya
losangeleskings,308dyx
losangeleskings,30bzrs
losangeleskings,30bxnn
losangeleskings,309dho
losangeleskings,30a3v9
losangeleskings,309gnq
losangeleskings,30a347
losangeleskings,30asnv
losangeleskings,30bfib
losangeleskings,30bcp3
losangeleskings,30avb9
losangeleskings,307zuc
losangeleskings,307i25
losangeleskings,307kzg
losangeleskings,307o5t
losangeleskings,30acrn
losangeleskings,307dcb
losangeleskings,307jwg
losangeleskings,307xk3
losangeleskings,306klt
losangeleskings,305ciu
losangeleskings,306rlv
losangeleskings,307v7r
losangeleskings,306kja
losangeleskings,304ohv
losangeleskings,306mfg
losangeleskings,304ikl
losangeleskings,308bf9
losangeleskings,305azb
losangeleskings,302kra
losangeleskings,305b51
losangeleskings,302g6b
losangeleskings,30302e
losangeleskings,302dhu
losangeleskings,302fsm
losangeleskings,301hhy
losangeleskings,303k2h
losangeleskings,3029kh
losangeleskings,300b1g
losangeleskings,300dd2
losangeleskings,3028df
losangeleskings,302pmo
losangeleskings,30133g
losangeleskings,301hhu
losangeleskings,2zz981
losangeleskings,300e6n
losangeleskings,301vh3
losangeleskings,3012s3
losangeleskings,2zwx5e
losangeleskings,2zz39z
losangeleskings,2zzq2r
losangeleskings,2zxw3c
losangeleskings,2zy1wl
losangeleskings,2zz8n2
losangeleskings,2zx1ky
losangeleskings,2zx4tp
losangeleskings,2zvqwx
losangeleskings,2zwxj9
losangeleskings,2zv1va
losangeleskings,2zub1l
losangeleskings,2zuktg
losangeleskings,2zujq0
losangeleskings,2zvgkp
losangeleskings,2zu20u
losangeleskings,2ztee3
losangeleskings,2zv02r
losangeleskings,2zrbdh
losangeleskings,2zqmn7
losangeleskings,2zubpx
losangeleskings,2zs41y
losangeleskings,2zq0eo
losangeleskings,2zqjbx
losangeleskings,2zqbhk
losangeleskings,2zr9en
losangeleskings,2zo6fr
losangeleskings,2zmrro
losangeleskings,2znegd
losangeleskings,2znc5q
losangeleskings,2zltrr
losangeleskings,2zlwgl
losangeleskings,2znow5
losangeleskings,2zmhqb
losangeleskings,2zlqx9
losangeleskings,2zn1vi
losangeleskings,2zngqp
losangeleskings,2zmn1z
losangeleskings,2zk18y
losangeleskings,2zj4so
losangeleskings,2zjlat
losangeleskings,2zhl7f
losangeleskings,2zirms
losangeleskings,2zjgp5
losangeleskings,2zjr5y
losangeleskings,2zjetp
losangeleskings,2zjg6l
losangeleskings,2zhipd
losangeleskings,2zhb8h
losangeleskings,2zikim
losangeleskings,2zfkcd
losangeleskings,2zhvgr
losangeleskings,2zfp66
losangeleskings,2zg6yj
losangeleskings,2zfn7w
losangeleskings,2zdzp6
losangeleskings,2zftym
losangeleskings,2ze2ie
losangeleskings,2ze64t
losangeleskings,2zbj12
losangeleskings,2zdkq9
losangeleskings,2zbf4z
losangeleskings,2zbq7m
losangeleskings,2zcygc
losangeleskings,2zctxp
losangeleskings,2zbeo2
losangeleskings,2zbj29
losangeleskings,2zbo3p
losangeleskings,2zazm5
losangeleskings,2zboav
losangeleskings,2zb3iv
losangeleskings,2zah43
losangeleskings,2zax22
losangeleskings,2zbew4
losangeleskings,2z99vu
losangeleskings,2zbbgr
losangeleskings,2zbau0
losangeleskings,2zao6d
losangeleskings,2z73bb
losangeleskings,2z63qm
losangeleskings,2z9jac
losangeleskings,2z9hfv
losangeleskings,2z8rz4
losangeleskings,2z3ogx
losangeleskings,2z2zqs
losangeleskings,2z6jvk
losangeleskings,2z3e7v
losangeleskings,2z2jpj
losangeleskings,2z1g90
losangeleskings,2z2rtv
losangeleskings,2z2wmv
losangeleskings,2z2uyb
losangeleskings,2z1775
losangeleskings,2z44vr
losangeleskings,2z11za
losangeleskings,2z1k3y
losangeleskings,2z0yls
losangeleskings,2z07p7
losangeleskings,2z06o7
losangeleskings,2yztv2
losangeleskings,2yzcc0
losangeleskings,2yzwhh
losangeleskings,2yye66
losangeleskings,2yy3nn
losangeleskings,2yy6e4
losangeleskings,2yyqg0
losangeleskings,2ywiy0
